3 0
0.0 0.010
0.1 0.0069
0.2 0.0089
0.3 0.0055
0.4 0.0051
0.5 0.0063
0.6 0.0034
0.7 0.0047
0.8 0.0054
0.9 0.0049
1.0 0.0055
1.1 0.0052
1.2 0.0042
1.3 0.0040
1.4 0.0045
1.5 0.0047
1.6 0.0079
1.7 0.0073
1.8 0.0077
1.9 0.010
2.0 0.011
2.1 0.010
2.2 0.010
2.3 0.027
2.4 0.013
2.5 0.016
2.6 0.014
2.7 0.018
2.8 0.013
2.9 0.013
3.0 0.013
3.1 0.012
3.2 0.011
3.3 0.012
3.4 0.011
3.5 0.013
3.6 0.015
3.7 0.014
3.8 0.011
3.9 0.0075
4.0 0.0075
4.1 0.0081
4.2 0.0058
4.3 0.0062
4.4 0.12
4.5 0.0064
4.6 0.0051
4.7 0.0046
4.8 0.0044
4.9 0.0060
5.0 0.0061
5.1 0.0086
5.2 0.013
5.3 0.0055
5.4 0.0045
5.5 0.0052
5.6 0.0068
5.7 0.0056
5.8 0.0041
5.9 0.0051
6.0 0.019
6.1 0.051
6.2 0.0072
6.3 0.0077
6.4 0.0081
6.5 0.0070
6.6 0.0067
6.7 0.0079
6.8 0.0082
6.9 0.033
7.0 0.0067
7.1 0.030
7.2 0.0064
7.3 0.0059
7.4 0.0060
7.5 0.0058
7.6 0.0054
7.7 0.0055
7.8 0.0059
7.9 0.0053
8.0 0.0029
8.1 0.0020
8.2 0.0019
8.3 0.0022
8.4 0.0018
8.5 0.0016
8.6 0.0028
8.7 0.0034
8.8 0.0040
8.9 0.0032
9.0 0.0037
9.1 0.0033
9.2 0.0047
9.3 0.0052
9.4 0.0055
9.5 0.0053
9.6 0.0053
9.7 0.0035
9.8 0.0035
9.9 0.0036
10.0 0.0033
10.1 0.0016
10.2 0.0014
10.3 0.00096
10.4 0.0010
10.5 0.0012
10.6 0.0010
10.7 0.0012
10.8 0.00093
10.9 0.00073
11.0 0.00095
11.1 0.00064
11.2 0.00051
11.3 0.0028
11.4 0.0029
11.5 0.0028
11.6 0.0027
11.7 0.0030
11.8 0.0029
11.9 0.0031
12.0 0.0031
12.1 0.0027
12.2 0.0026
12.3 0.0029
12.4 0.0024
12.5 0.00034
12.6 0.00044
12.7 0.00031
12.8 0.00036
12.9 0.00064
13.0 0.0023
13.1 0.00074
13.2 0.00066
13.3 0.00068
13.4 0.00047
13.5 0.00045
13.6 0.00052
13.7 0.00036
13.8 0.00057
13.9 0.00048
14.0 0.00060
14.1 0.00048
14.2 0.00022
14.3 0.00026
14.4 0.00016
14.5 0.00028
14.6 0.00023
14.7 0.00019
14.8 0.00020
14.9 0.00019
15.0 0.00016
15.1 0.00029
15.2 0.00010
15.3 0.00013
15.4 0.00013
15.5 0.00017
15.6 0.000058
15.7 0.000044
15.8 0.000044
15.9 0.000029
16.0 0.000029
16.1 0.000029
16.2 0.000029
16.3 0.000073
16.4 0.000087
16.5 0.000029
16.6 0.000015
16.7 0.000015
16.8 0.0
16.9 0.000015
17 0.0