############################  Energy Spectrum  ############################
3 0
0.0 1.3E-7
0.1 0.0
0.2 0.0
0.3 2.6E-7
0.4 1.3E-7
0.5 1.3E-7
0.6 0.0
0.7 4.0E-7
0.8 2.6E-7
0.9 5.3E-7
1.0 5.3E-7
1.1 2.6E-7
1.2 0.0000013
1.3 9.3E-7
1.4 9.3E-7
1.5 0.0000012
1.6 0.0000011
1.7 0.0000016
1.8 9.3E-7
1.9 0.0000019
2.0 0.0000015
2.1 0.0000024
2.2 0.0000024
2.3 0.0000032
2.4 0.0000025
2.5 0.0000030
2.6 0.0000030
2.7 0.0000029
2.8 0.0000036
2.9 0.0000024
3.0 0.0000049
3.1 0.0000029
3.2 0.0000030
3.3 0.0000049
3.4 0.0000046
3.5 0.0000048
3.6 0.0000041
3.7 0.0000061
3.8 0.0000040
3.9 0.0000070
4.0 0.0000062
4.1 0.0000045
4.2 0.0000070
4.3 0.0000060
4.4 0.0000062
4.5 0.0000049
4.6 0.0000065
4.7 0.0000081
4.8 0.0000079
4.9 0.0000086
5.0 0.000010
5.1 0.0000077
5.2 0.0000086
5.3 0.0000098
5.4 0.000010
5.5 0.0000090
5.6 0.000012
5.7 0.000011
5.8 0.000012
5.9 0.000013
6.0 0.000012
6.1 0.000013
6.2 0.000014
6.3 0.000014
6.4 0.000016
6.5 0.000014
6.6 0.000017
6.7 0.000017
6.8 0.000015
6.9 0.000017
7.0 0.000017
7.1 0.000018
7.2 0.000015
7.3 0.000018
7.4 0.000017
7.5 0.000017
7.6 0.000018
7.7 0.000019
7.8 0.000020
7.9 0.000022
8.0 0.000022
8.1 0.000023
8.2 0.000021
8.3 0.000022
8.4 0.000020
8.5 0.000022
8.6 0.000021
8.7 0.000022
8.8 0.000024
8.9 0.000021
9.0 0.000023
9.1 0.000031
9.2 0.000026
9.3 0.000034
9.4 0.000029
9.5 0.000030
9.6 0.000031
9.7 0.000030
9.8 0.000028
9.9 0.000029
10.0 0.000027
10.1 0.000031
10.2 0.000026
10.3 0.000025
10.4 0.000031
10.5 0.000029
10.6 0.000030
10.7 0.000031
10.8 0.000033
10.9 0.000035
11.0 0.000038
11.1 0.000048
11.2 0.000054
11.3 0.000059
11.4 0.000070
11.5 0.000086
11.6 0.00010
11.7 0.00012
11.8 0.00014
11.9 0.00018
12.0 0.00018
12.1 0.00020
12.2 0.00020
12.3 0.00020
12.4 0.00019
12.5 0.00018
12.6 0.00015
12.7 0.00014
12.8 0.00010
12.9 0.000088
13.0 0.000075
13.1 0.000064
13.2 0.000055
13.3 0.000051
13.4 0.000050
13.5 0.000053
13.6 0.000055
13.7 0.000051
13.8 0.000052
13.9 0.000048
14.0 0.000050
14.1 0.000049
14.2 0.000054
14.3 0.000051
14.4 0.000054
14.5 0.000053
14.6 0.000052
14.7 0.000056
14.8 0.000054
14.9 0.000056
15.0 0.000060
15.1 0.000064
15.2 0.000058
15.3 0.000062
15.4 0.000064
15.5 0.000069
15.6 0.000070
15.7 0.000071
15.8 0.000072
15.9 0.000072
16.0 0.000076
16.1 0.000082
16.2 0.000079
16.3 0.000081
16.4 0.000088
16.5 0.000085
16.6 0.000090
16.7 0.000089
16.8 0.000099
16.9 0.000096
17.0 0.00010
17.1 0.00010
17.2 0.00011
17.3 0.00012
17.4 0.00011
17.5 0.00012
17.6 0.00012
17.7 0.00013
17.8 0.00014
17.9 0.00015
18.0 0.00015
18.1 0.00016
18.2 0.00016
18.3 0.00018
18.4 0.00019
18.5 0.00025
18.6 0.00033
18.7 0.00049
18.8 0.00073
18.9 0.0012
19.0 0.0017
19.1 0.0026
19.2 0.0037
19.3 0.0050
19.4 0.0067
19.5 0.0088
19.6 0.011
19.7 0.014
19.8 0.017
19.9 0.020
20.0 0.023
20.1 0.026
20.2 0.027
20.3 0.028
20.4 0.028
20.5 0.026
20.6 0.024
20.7 0.020
20.8 0.017
20.9 0.013
21.0 0.010
21.1 0.0072
21.2 0.0049
21.3 0.0033
21.4 0.0021
21.5 0.0014
21.6 0.00089
21.7 0.00061
21.8 0.00046
21.9 0.00041
22.0 0.00038
22.1 0.00035
22.2 0.00035
22.3 0.00035
22.4 0.00036
22.5 0.00036
22.6 0.00037
22.7 0.00037
22.8 0.00038
22.9 0.00038
23.0 0.00038
23.1 0.00038
23.2 0.00039
23.3 0.00038
23.4 0.00040
23.5 0.00040
23.6 0.00041
23.7 0.00041
23.8 0.00040
23.9 0.00040
24.0 0.00041
24.1 0.00041
24.2 0.00041
24.3 0.00040
24.4 0.00041
24.5 0.00041
24.6 0.00041
24.7 0.00040
24.8 0.00041
24.9 0.00040
25.0 0.00040
25.1 0.00040
25.2 0.00040
25.3 0.00039
25.4 0.00040
25.5 0.00039
25.6 0.00038
25.7 0.00038
25.8 0.00038
25.9 0.00038
26.0 0.00040
26.1 0.00038
26.2 0.00048
26.3 0.00038
26.4 0.00038
26.5 0.00038
26.6 0.00038
26.7 0.00038
26.8 0.00038
26.9 0.00038
27.0 0.00038
27.1 0.00038
27.2 0.00038
27.3 0.00038
27.4 0.00038
27.5 0.00038
27.6 0.00038
27.7 0.00038
27.8 0.00038
27.9 0.00038
28.0 0.00038
28.1 0.00038
28.2 0.00038
28.3 0.00038
28.4 0.00038
28.5 0.00038
28.6 0.00038
28.7 0.00038
28.8 0.00038
28.9 0.00038
29.0 0.00038
29.1 0.00038
29.2 0.00038
29.3 0.00038
29.4 0.00038
29.5 0.00038
29.6 0.00038
29.7 0.00036
29.8 0.00025
29.9 0.00018
30.0 0.00013
30.1 0.00011
30.2 0.000082
30.3 0.000081
30.4 0.000069
30.5 0.000066
30.6 0.000063
30.7 0.000055
30.8 0.000052
30.9 0.000050
31.0 0.000047
31.1 0.000041
31.2 0.000041
31.3 0.000037
31.4 0.000037
31.5 0.000034
31.6 0.000032
31.7 0.000028
31.8 0.000026
31.9 0.000026
32.0 0.000025
32.1 0.000024
32.2 0.000020
32.3 0.000018
32.4 0.000017
32.5 0.000017
32.6 0.000012
32.7 0.000013
32.8 0.000012
32.9 0.000014
33.0 0.000011
33.1 0.000010
33.2 0.0000075
33.3 0.0000078
33.4 0.0000064
33.5 0.0000054
33.6 0.0000069
33.7 0.0000060
33.8 0.0000046
33.9 0.0000041
34.0 0.0000033
34.1 0.0000024
34.2 0.0000038
34.3 0.0000025
34.4 0.0000032
34.5 0.0000017
34.6 0.0000012
34.7 0.0000024
34.8 0.0000017
34.9 0.0000011
35.0 6.6E-7
35.1 9.3E-7
35.2 0.0000017
35.3 0.0000026
35.4 0.0000050
35.5 0.0000075
35.6 0.000011
35.7 0.000019
35.8 0.000028
35.9 0.000037
36.0 0.000048
36.1 0.000057
36.2 0.000064
36.3 0.000067
36.4 0.000059
36.5 0.000058
36.6 0.000044
36.7 0.000033
36.8 0.000025
36.9 0.000019
37.0 0.000011
37.1 0.0000050
37.2 0.0000044
37.3 0.0000028
37.4 0.0000012
37.5 9.3E-7
37.6 6.6E-7
37.7 0.0
37.8 0.0
37.9 0.0
38.0 0.0
38.1 0.0
38.2 0.0
38.3 0.0
38.4 0.0
38.5 0.0
38.6 0.0
38.7 0.0
38.8 0.0
38.9 0.0
39.0 0.0
39.1 0.0
39.2 0.0
39.3 0.0
39.4 0.0
39.5 0.0
39.6 1.3E-7
39.7 0.0
39.8 0.0
39.9 0.0
40.0 0.0
40.1 1.3E-7
40.2 0.0
40.3 0.0
40.4 0.0
40.5 0.0
40.6 0.0
40.7 0.0
40.8 0.0
40.9 0.0
41.0 0.0
41.1 0.0
41.2 0.0
41.3 0.0
41.4 0.0
41.5 0.0
41.6 0.0
41.7 0.0
41.8 0.0
41.9 0.0
42.0 0.0
42.1 0.0
42.2 0.0
42.3 0.0
42.4 0.0
42.5 1.3E-7
42.6 0.0
42.7 0.0
42.8 0.0
42.9 0.0
43.0 0.0
43.1 0.0
43.2 0.0
43.3 0.0
43.4 0.0
43.5 0.0
43.6 0.0
43.7 0.0
43.8 0.0
43.9 0.0
44.0 0.0
44.1 0.0
44.2 0.0
44.3 0.0
44.4 0.0
44.5 0.0
44.6 0.0
44.7 0.0
44.8 0.0
44.9 0.0
45.0 0.0
45.1 0.0
45.2 0.0
45.3 0.0
45.4 0.0
45.5 0.0
45.6 0.0
45.7 0.0
45.8 0.0
45.9 0.0
46.0 0.0
46.1 0.0
46.2 0.0
46.3 0.0
46.4 0.0
46.5 0.0
46.6 0.0
46.7 0.0
46.8 0.0
46.9 0.0
47.0 0.0
47.1 0.0
47.2 0.0
47.3 0.0
47.4 0.0
47.5 0.0
47.6 0.0
47.7 1.3E-7
47.8 0.0
47.9 0.0
48.0 0.0
48.1 0.0
48.2 0.0
48.3 0.0
48.4 0.0
48.5 0.0
48.6 0.0
48.7 0.0
48.8 0.0
48.9 0.0
49.0 0.0
49.1 0.0
49.2 0.0
49.3 0.0
49.4 0.0
49.5 0.0
49.6 0.0
49.7 0.0
49.8 0.0
49.9 0.0
50.0 0.0
50.1 0.0
50.2 0.0
50.3 0.0
50.4 0.0
50.5 0.0
50.6 0.0
50.7 0.0
50.8 0.0
50.9 0.0
51.0 0.0
51.1 0.0
51.2 0.0
51.3 1.3E-7
51.4 0.0
51.5 0.0
51.6 0.0
51.7 0.0
51.8 0.0
51.9 0.0
52.0 0.0
52.1 0.0
52.2 0.0
52.3 0.0
52.4 0.0
52.5 0.0
52.6 0.0
52.7 0.0
52.8 0.0
52.9 0.0
53.0 0.0
53.1 0.0
53.2 0.0
53.3 0.0
53.4 0.0
53.5 0.0
53.6 0.0
53.7 0.0
53.8 0.0
53.9 0.0
54.0 0.0
54.1 0.0
54.2 0.0
54.3 0.0
54.4 0.0
54.5 0.0
54.6 0.0
54.7 0.0
54.8 0.0
54.9 1.3E-7
55.0 0.0
55.1 0.0
55.2 0.0
55.3 0.0
55.4 0.0
55.5 0.0
55.6 0.0
55.7 0.0
55.8 0.0
55.9 0.0
56.0 0.0
56.1 0.0
56.2 0.0
56.3 0.0
56.4 0.0
56.5 0.0
56.6 0.0
56.7 0.0
56.8 0.0
56.9 0.0
57.0 0.0
57.1 0.0
57.2 0.0
57.3 0.0
57.4 0.0
57.5 0.0
57.6 0.0
57.7 0.0
57.8 0.0
57.9 0.0
58.0 0.0
58.1 0.0
58.2 0.0
58.3 0.0
58.4 0.0
58.5 0.0
58.6 0.0
58.7 0.0
58.8 0.0
58.9 0.0
59.0 0.0
59.1 0.0
59.2 0.0
59.3 0.0
59.4 0.0
59.5 0.0
59.6 0.0
59.7 0.0
59.8 0.0
59.9 0.0
60.0 0.0
60.1 0.0
60.2 0.0
60.3 0.0
60.4 0.0
60.5 0.0
60.6 0.0
60.7 0.0
60.8 0.0
60.9 0.0
61.0 0.0
61.1 0.0
61.2 0.0
61.3 0.0
61.4 0.0
61.5 0.0
61.6 0.0
61.7 0.0
61.8 0.0
61.9 0.0
62.0 0.0
62.1 0.0
62.2 0.0
62.3 0.0
62.4 0.0
62.5 0.0
62.6 0.0
62.7 0.0
62.8 0.0
62.9 0.0
63.0 0.0
63.1 0.0
63.2 0.0
63.3 0.0
63.4 0.0
63.5 0.0
63.6 0.0
63.7 0.0
63.8 0.0
63.9 0.0
64.0 0.0
64.1 0.0
64.2 0.0
64.3 0.0
64.4 0.0
64.5 0.0
64.6 0.0
64.7 0.0
64.8 0.0
64.9 0.0
65.0 0.0
65.1 0.0
65.2 0.0
65.3 0.0
65.4 0.0
65.5 0.0
65.6 0.0
65.7 0.0
65.8 0.0
65.9 0.0
66.0 0.0
66.1 0.0
66.2 0.0
66.3 0.0
66.4 0.0
66.5 0.0
66.6 0.0
66.7 0.0
66.8 0.0
66.9 0.0
67.0 0.0
67.1 0.0
67.2 0.0
67.3 0.0
67.4 0.0
67.5 0.0
67.6 0.0
67.7 0.0
67.8 0.0
67.9 0.0
68.0 0.0
68.1 0.0
68.2 0.0
68.3 0.0
68.4 0.0
68.5 0.0
68.6 0.0
68.7 0.0
68.8 0.0
68.9 0.0
69.0 0.0
69.1 0.0
69.2 0.0
69.3 0.0
69.4 0.0
69.5 0.0
69.6 0.0
69.7 0.0
69.8 0.0
69.9 0.0
70.0 0.0
70.1 0.0
70.2 0.0
70.3 0.0
70.4 0.0
70.5 0.0
70.6 0.0
70.7 0.0
70.8 0.0
70.9 0.0
71.0 0.0
71.1 0.0
71.2 0.0
71.3 0.0
71.4 0.0
71.5 0.0
71.6 0.0
71.7 0.0
71.8 0.0
71.9 0.0
72.0 0.0
72.1 0.0
72.2 0.0
72.3 0.0
72.4 0.0
72.5 0.0
72.6 0.0
72.7 0.0
72.8 0.0
72.9 0.0
73.0 0.0
73.1 0.0
73.2 0.0
73.3 0.0
73.4 0.0
73.5 0.0
73.6 0.0
73.7 0.0
73.8 0.0
73.9 0.0
74.0 0.0
74.1 0.0
74.2 0.0
74.3 0.0
74.4 0.0
74.5 0.0
74.6 0.0
74.7 0.0
74.8 0.0
74.9 0.0
75.0 0.0
75.1 0.0
75.2 0.0
75.3 0.0
75.4 0.0
75.5 0.0
75.6 0.0
75.7 0.0
75.8 0.0
75.9 0.0
76.0 0.0
76.1 0.0
76.2 0.0
76.3 0.0
76.4 0.0
76.5 0.0
76.6 0.0
76.7 0.0
76.8 0.0
76.9 0.0
77.0 0.0
77.1 0.0
77.2 0.0
77.3 0.0
77.4 0.0
77.5 0.0
77.6 0.0
77.7 0.0
77.8 0.0
77.9 0.0
78.0 0.0
78.1 0.0
78.2 0.0
78.3 0.0
78.4 0.0
78.5 0.0
78.6 1.3E-7
78.7 0.0
78.8 0.0
78.9 0.0
79 0.0
#######################################################################
