3 0
0.00 0.0000011
0.01 0.0
0.02 0.0000043
0.03 0.0
0.04 0.0
0.05 0.0
0.06 0.0000011
0.07 0.0000011
0.08 0.0000011
0.09 0.0
0.10 0.0
0.11 0.0000011
0.12 0.0
0.13 0.0
0.14 0.0
0.15 0.0
0.16 0.0000011
0.17 0.0
0.18 0.0
0.19 0.0
0.20 0.0
0.21 0.0
0.22 0.0
0.23 0.0000011
0.24 0.0
0.25 0.0
0.26 0.0000011
0.27 0.0
0.28 0.0
0.29 0.0000022
0.30 0.0
0.31 0.0
0.32 0.0
0.33 0.0
0.34 0.0
0.35 0.0
0.36 0.0
0.37 0.0
0.38 0.0
0.39 0.0000011
0.40 0.0000011
0.41 0.0
0.42 0.0
0.43 0.0
0.44 0.0
0.45 0.0
0.46 0.0
0.47 0.0
0.48 0.0
0.49 0.0
0.50 0.0
0.51 0.0
0.52 0.0
0.53 0.0
0.54 0.0
0.55 0.0
0.56 0.0
0.57 0.0
0.58 0.0
0.59 0.0
0.60 0.0
0.61 0.0
0.62 0.0
0.63 0.0
0.64 0.0
0.65 0.0
0.66 0.0000011
0.67 0.0000011
0.68 0.0000011
0.69 0.0
0.70 0.0
0.71 0.0
0.72 0.0
0.73 0.0
0.74 0.0
0.75 0.0
0.76 0.0
0.77 0.0000011
0.78 0.0
0.79 0.0
0.80 0.0
0.81 0.0000011
0.82 0.0
0.83 0.0
0.84 0.0
0.85 0.0
0.86 0.0
0.87 0.0000011
0.88 0.0000011
0.89 0.0000011
0.90 0.0
0.91 0.0000011
0.92 0.0
0.93 0.0
0.94 0.0
0.95 0.0
0.96 0.0
0.97 0.0
0.98 0.0
0.99 0.0
1.00 0.0
1.01 0.0
1.02 0.0
1.03 0.0000011
1.04 0.0
1.05 0.0
1.06 0.0
1.07 0.0
1.08 0.0
1.09 0.0
1.10 0.0
1.11 0.0
1.12 0.0000011
1.13 0.0
1.14 0.0
1.15 0.0
1.16 0.0
1.17 0.0
1.18 0.0
1.19 0.0
1.20 0.0
1.21 0.0
1.22 0.0
1.23 0.0
1.24 0.0
1.25 0.0
1.26 0.0
1.27 0.0
1.28 0.0000011
1.29 0.0
1.30 0.0
1.31 0.0
1.32 0.0000011
1.33 0.0
1.34 0.0
1.35 0.0000011
1.36 0.0
1.37 0.0
1.38 0.0
1.39 0.0000011
1.40 0.0000011
1.41 0.0
1.42 0.0000022
1.43 0.0000011
1.44 0.0
1.45 0.0
1.46 0.0000011
1.47 0.0
1.48 0.0000022
1.49 0.0
1.50 0.0000011
1.51 0.0000011
1.52 0.0
1.53 0.0
1.54 0.0
1.55 0.0000011
1.56 0.0000022
1.57 0.0000022
1.58 0.0000011
1.59 0.0
1.60 0.0
1.61 0.0
1.62 0.0000022
1.63 0.0000043
1.64 0.0000011
1.65 0.0
1.66 0.0
1.67 0.0000011
1.68 0.0000022
1.69 0.0000011
1.70 0.0000022
1.71 0.0000011
1.72 0.0000022
1.73 0.0000011
1.74 0.0000011
1.75 0.0
1.76 0.0
1.77 0.0
1.78 0.0000011
1.79 0.0
1.80 0.0000022
1.81 0.0
1.82 0.0
1.83 0.0000011
1.84 0.0
1.85 0.0
1.86 0.0000022
1.87 0.0000011
1.88 0.0
1.89 0.0000011
1.90 0.0000011
1.91 0.0000011
1.92 0.0000011
1.93 0.0000033
1.94 0.0
1.95 0.0
1.96 0.0
1.97 0.0
1.98 0.0
1.99 0.0000011
2.00 0.0
2.01 0.0000011
2.02 0.0000011
2.03 0.0000011
2.04 0.0
2.05 0.0000011
2.06 0.0
2.07 0.0
2.08 0.0000011
2.09 0.0
2.10 0.0000022
2.11 0.0000011
2.12 0.0
2.13 0.0
2.14 0.0
2.15 0.0000011
2.16 0.0000011
2.17 0.0000022
2.18 0.0000011
2.19 0.0000011
2.20 0.0
2.21 0.0
2.22 0.0000022
2.23 0.0000011
2.24 0.0000011
2.25 0.0000011
2.26 0.0000011
2.27 0.0
2.28 0.0
2.29 0.0000011
2.30 0.0000022
2.31 0.0000011
2.32 0.0000022
2.33 0.0
2.34 0.0000011
2.35 0.0000033
2.36 0.0000022
2.37 0.0000043
2.38 0.0000011
2.39 0.0000033
2.40 0.0000011
2.41 0.0000011
2.42 0.0000011
2.43 0.0000011
2.44 0.0
2.45 0.0000022
2.46 0.0
2.47 0.0
2.48 0.0
2.49 0.0000011
2.50 0.0
2.51 0.0000022
2.52 0.0
2.53 0.0
2.54 0.0000011
2.55 0.0000011
2.56 0.0
2.57 0.0
2.58 0.0
2.59 0.0000011
2.60 0.0000011
2.61 0.0
2.62 0.0000022
2.63 0.0000011
2.64 0.0000011
2.65 0.0000033
2.66 0.0000011
2.67 0.0
2.68 0.0000022
2.69 0.0000022
2.70 0.0000022
2.71 0.0000033
2.72 0.0000011
2.73 0.0000022
2.74 0.0000022
2.75 0.0000033
2.76 0.0000022
2.77 0.0000011
2.78 0.0000033
2.79 0.0
2.80 0.0000033
2.81 0.0000022
2.82 0.0
2.83 0.0
2.84 0.0
2.85 0.0000022
2.86 0.0
2.87 0.0000022
2.88 0.0000022
2.89 0.0000033
2.90 0.0
2.91 0.0000033
2.92 0.0000011
2.93 0.0000033
2.94 0.0000022
2.95 0.0000022
2.96 0.0000011
2.97 0.0
2.98 0.0000022
2.99 0.0000022
3.00 0.0000022
3.01 0.0000022
3.02 0.0000022
3.03 0.0
3.04 0.0000033
3.05 0.0000022
3.06 0.0000022
3.07 0.0000011
3.08 0.0000022
3.09 0.0
3.10 0.0000033
3.11 0.0000054
3.12 0.0000022
3.13 0.0000043
3.14 0.0000022
3.15 0.0000022
3.16 0.0000011
3.17 0.0000011
3.18 0.0
3.19 0.0000022
3.20 0.0
3.21 0.0000033
3.22 0.0000054
3.23 0.0000033
3.24 0.0
3.25 0.0000033
3.26 0.0000022
3.27 0.0000022
3.28 0.0000022
3.29 0.0000011
3.30 0.0
3.31 0.0000043
3.32 0.0000022
3.33 0.0000033
3.34 0.0000011
3.35 0.0000011
3.36 0.0000022
3.37 0.0000022
3.38 0.0
3.39 0.0
3.40 0.0000054
3.41 0.0000011
3.42 0.0
3.43 0.0000011
3.44 0.0000022
3.45 0.0000011
3.46 0.0000011
3.47 0.0000011
3.48 0.0000033
3.49 0.0000011
3.50 0.0000033
3.51 0.0000033
3.52 0.0000011
3.53 0.0
3.54 0.0000022
3.55 0.0000033
3.56 0.0000022
3.57 0.0
3.58 0.0000033
3.59 0.0000043
3.60 0.0000022
3.61 0.0000022
3.62 0.0000076
3.63 0.0000011
3.64 0.0000011
3.65 0.0000043
3.66 0.0000011
3.67 0.0000043
3.68 0.0000022
3.69 0.0000043
3.70 0.0000033
3.71 0.0000022
3.72 0.0000065
3.73 0.0000065
3.74 0.0000022
3.75 0.0000043
3.76 0.0000043
3.77 0.0000033
3.78 0.0000033
3.79 0.0000033
3.80 0.0000022
3.81 0.0000054
3.82 0.0000022
3.83 0.0000033
3.84 0.0000054
3.85 0.0000043
3.86 0.0000022
3.87 0.0000011
3.88 0.0000022
3.89 0.0000054
3.90 0.0000065
3.91 0.0000022
3.92 0.0000011
3.93 0.0000022
3.94 0.0000043
3.95 0.0000065
3.96 0.0000043
3.97 0.0000022
3.98 0.0000033
3.99 0.0000022
4.00 0.0000033
4.01 0.0000043
4.02 0.0000011
4.03 0.0000033
4.04 0.0000022
4.05 0.0000022
4.06 0.0000011
4.07 0.0000011
4.08 0.0000011
4.09 0.0000022
4.10 0.0000011
4.11 0.0000043
4.12 0.0000033
4.13 0.0000033
4.14 0.0000054
4.15 0.0000022
4.16 0.0000022
4.17 0.0000033
4.18 0.0000054
4.19 0.0000022
4.20 0.0000011
4.21 0.0000043
4.22 0.0000076
4.23 0.0000022
4.24 0.0000043
4.25 0.0000033
4.26 0.0000065
4.27 0.0000054
4.28 0.0000043
4.29 0.0000011
4.30 0.0000011
4.31 0.0000043
4.32 0.0000022
4.33 0.0000033
4.34 0.0000076
4.35 0.0000054
4.36 0.0000033
4.37 0.0000033
4.38 0.0000043
4.39 0.0000054
4.40 0.0000011
4.41 0.0000087
4.42 0.0000043
4.43 0.0000043
4.44 0.0000054
4.45 0.0000054
4.46 0.0000033
4.47 0.0000033
4.48 0.0000033
4.49 0.0000054
4.50 0.0000033
4.51 0.0000022
4.52 0.0000033
4.53 0.0000022
4.54 0.000014
4.55 0.0000033
4.56 0.0000054
4.57 0.0000054
4.58 0.0000033
4.59 0.0000043
4.60 0.0000043
4.61 0.0000033
4.62 0.0000076
4.63 0.0000033
4.64 0.0000087
4.65 0.0000065
4.66 0.0000043
4.67 0.0000043
4.68 0.0000033
4.69 0.0000033
4.70 0.0000011
4.71 0.0000087
4.72 0.0000011
4.73 0.0000022
4.74 0.0000065
4.75 0.0000033
4.76 0.0000076
4.77 0.0000054
4.78 0.0000022
4.79 0.0000065
4.80 0.0000043
4.81 0.0000033
4.82 0.0000098
4.83 0.0000033
4.84 0.0000054
4.85 0.0000065
4.86 0.0000054
4.87 0.0000054
4.88 0.0000087
4.89 0.0000022
4.90 0.0000087
4.91 0.0000098
4.92 0.0000065
4.93 0.0000054
4.94 0.0000043
4.95 0.0000033
4.96 0.0000033
4.97 0.0000054
4.98 0.0000043
4.99 0.0000043
5.00 0.0000033
5.01 0.0000087
5.02 0.0000054
5.03 0.0000043
5.04 0.0000043
5.05 0.0000043
5.06 0.0000076
5.07 0.0000076
5.08 0.0000065
5.09 0.0000087
5.10 0.0000087
5.11 0.0000065
5.12 0.0000087
5.13 0.0000076
5.14 0.000016
5.15 0.000014
5.16 0.0000033
5.17 0.000014
5.18 0.0000076
5.19 0.0000087
5.20 0.000017
5.21 0.0000087
5.22 0.000013
5.23 0.000013
5.24 0.0000076
5.25 0.000021
5.26 0.0000076
5.27 0.000014
5.28 0.000017
5.29 0.000021
5.30 0.000025
5.31 0.0000098
5.32 0.000029
5.33 0.000028
5.34 0.000016
5.35 0.000029
5.36 0.000036
5.37 0.000028
5.38 0.000022
5.39 0.000023
5.40 0.000028
5.41 0.000024
5.42 0.000033
5.43 0.000033
5.44 0.000037
5.45 0.000029
5.46 0.000050
5.47 0.000042
5.48 0.000055
5.49 0.000058
5.50 0.000039
5.51 0.000056
5.52 0.000052
5.53 0.000051
5.54 0.000040
5.55 0.000064
5.56 0.000056
5.57 0.000064
5.58 0.000055
5.59 0.000074
5.60 0.000071
5.61 0.000092
5.62 0.000074
5.63 0.000094
5.64 0.000078
5.65 0.000078
5.66 0.000096
5.67 0.000096
5.68 0.000093
5.69 0.00011
5.70 0.000090
5.71 0.00011
5.72 0.00011
5.73 0.00011
5.74 0.00013
5.75 0.00015
5.76 0.00014
5.77 0.00014
5.78 0.00016
5.79 0.00016
5.80 0.00016
5.81 0.00018
5.82 0.00017
5.83 0.00017
5.84 0.00019
5.85 0.00023
5.86 0.00018
5.87 0.00023
5.88 0.00020
5.89 0.00024
5.90 0.00021
5.91 0.00024
5.92 0.00022
5.93 0.00024
5.94 0.00024
5.95 0.00026
5.96 0.00028
5.97 0.00029
5.98 0.00028
5.99 0.00029
6.00 0.00025
6.01 0.00032
6.02 0.00030
6.03 0.00028
6.04 0.00033
6.05 0.00035
6.06 0.00032
6.07 0.00036
6.08 0.00037
6.09 0.00035
6.10 0.00038
6.11 0.00039
6.12 0.00039
6.13 0.00039
6.14 0.00042
6.15 0.00040
6.16 0.00038
6.17 0.00040
6.18 0.00044
6.19 0.00040
6.20 0.00040
6.21 0.00044
6.22 0.00044
6.23 0.00041
6.24 0.00046
6.25 0.00042
6.26 0.00042
6.27 0.00044
6.28 0.00046
6.29 0.00044
6.30 0.00048
6.31 0.00044
6.32 0.00047
6.33 0.00050
6.34 0.00043
6.35 0.00045
6.36 0.00043
6.37 0.00045
6.38 0.00047
6.39 0.00045
6.40 0.00048
6.41 0.00044
6.42 0.00043
6.43 0.00044
6.44 0.00045
6.45 0.00037
6.46 0.00042
6.47 0.00043
6.48 0.00039
6.49 0.00039
6.50 0.00042
6.51 0.00039
6.52 0.00039
6.53 0.00036
6.54 0.00035
6.55 0.00037
6.56 0.00033
6.57 0.00031
6.58 0.00031
6.59 0.00035
6.60 0.00028
6.61 0.00029
6.62 0.00029
6.63 0.00030
6.64 0.00025
6.65 0.00022
6.66 0.00024
6.67 0.00023
6.68 0.00025
6.69 0.00023
6.70 0.00020
6.71 0.00021
6.72 0.00022
6.73 0.00019
6.74 0.00022
6.75 0.00018
6.76 0.00018
6.77 0.00017
6.78 0.00018
6.79 0.00015
6.80 0.00014
6.81 0.00014
6.82 0.00013
6.83 0.00013
6.84 0.000098
6.85 0.00011
6.86 0.00011
6.87 0.00010
6.88 0.00011
6.89 0.000093
6.90 0.000071
6.91 0.000086
6.92 0.000079
6.93 0.000055
6.94 0.000072
6.95 0.000074
6.96 0.000056
6.97 0.000065
6.98 0.000060
6.99 0.000061
7.00 0.000055
7.01 0.000048
7.02 0.000053
7.03 0.000049
7.04 0.000046
7.05 0.000050
7.06 0.000036
7.07 0.000052
7.08 0.000046
7.09 0.000039
7.10 0.000037
7.11 0.000034
7.12 0.000034
7.13 0.000030
7.14 0.000036
7.15 0.000038
7.16 0.000035
7.17 0.000035
7.18 0.000033
7.19 0.000031
7.20 0.000047
7.21 0.000029
7.22 0.000028
7.23 0.000025
7.24 0.000037
7.25 0.000031
7.26 0.000035
7.27 0.000024
7.28 0.000025
7.29 0.000021
7.30 0.000031
7.31 0.000013
7.32 0.000017
7.33 0.000028
7.34 0.000022
7.35 0.000021
7.36 0.000018
7.37 0.000024
7.38 0.0000098
7.39 0.000022
7.40 0.0000087
7.41 0.000025
7.42 0.000024
7.43 0.000027
7.44 0.000022
7.45 0.000023
7.46 0.000028
7.47 0.000012
7.48 0.000015
7.49 0.000016
7.50 0.000017
7.51 0.000013
7.52 0.000035
7.53 0.000024
7.54 0.000013
7.55 0.000011
7.56 0.000014
7.57 0.000027
7.58 0.000017
7.59 0.000015
7.60 0.000022
7.61 0.000017
7.62 0.000014
7.63 0.000016
7.64 0.000014
7.65 0.000017
7.66 0.000024
7.67 0.000017
7.68 0.000015
7.69 0.000013
7.70 0.000016
7.71 0.000025
7.72 0.000014
7.73 0.000020
7.74 0.000024
7.75 0.000025
7.76 0.000012
7.77 0.000020
7.78 0.000015
7.79 0.000013
7.80 0.000026
7.81 0.000015
7.82 0.000017
7.83 0.000012
7.84 0.000021
7.85 0.000015
7.86 0.000012
7.87 0.000011
7.88 0.000016
7.89 0.000021
7.90 0.000020
7.91 0.000018
7.92 0.0000087
7.93 0.000016
7.94 0.000017
7.95 0.000018
7.96 0.000017
7.97 0.000016
7.98 0.000014
7.99 0.000021
8.00 0.000021
8.01 0.000022
8.02 0.000011
8.03 0.000027
8.04 0.000022
8.05 0.000012
8.06 0.000021
8.07 0.000021
8.08 0.000022
8.09 0.000018
8.10 0.000025
8.11 0.000018
8.12 0.000017
8.13 0.000011
8.14 0.000013
8.15 0.000015
8.16 0.000015
8.17 0.000022
8.18 0.000023
8.19 0.000022
8.20 0.000022
8.21 0.000015
8.22 0.000018
8.23 0.000024
8.24 0.0000098
8.25 0.000020
8.26 0.000014
8.27 0.000020
8.28 0.000021
8.29 0.000021
8.30 0.000011
8.31 0.000016
8.32 0.000023
8.33 0.000028
8.34 0.000021
8.35 0.000015
8.36 0.000027
8.37 0.000020
8.38 0.000023
8.39 0.000018
8.40 0.000016
8.41 0.000022
8.42 0.000025
8.43 0.000017
8.44 0.000018
8.45 0.000021
8.46 0.000018
8.47 0.000017
8.48 0.000017
8.49 0.000014
8.50 0.000020
8.51 0.000015
8.52 0.000020
8.53 0.000021
8.54 0.000020
8.55 0.000025
8.56 0.000024
8.57 0.000034
8.58 0.000018
8.59 0.000016
8.60 0.000024
8.61 0.000018
8.62 0.000014
8.63 0.000025
8.64 0.000017
8.65 0.000022
8.66 0.000027
8.67 0.000018
8.68 0.000026
8.69 0.000017
8.70 0.000024
8.71 0.000011
8.72 0.000016
8.73 0.000017
8.74 0.000022
8.75 0.000021
8.76 0.000020
8.77 0.000024
8.78 0.000022
8.79 0.000023
8.80 0.000021
8.81 0.000021
8.82 0.000023
8.83 0.000020
8.84 0.000014
8.85 0.000027
8.86 0.000013
8.87 0.000021
8.88 0.000022
8.89 0.000023
8.90 0.000038
8.91 0.000015
8.92 0.000021
8.93 0.000021
8.94 0.000031
8.95 0.000022
8.96 0.000012
8.97 0.000021
8.98 0.000028
8.99 0.000026
9.00 0.000018
9.01 0.000023
9.02 0.000031
9.03 0.000024
9.04 0.000022
9.05 0.000018
9.06 0.000027
9.07 0.000022
9.08 0.000021
9.09 0.000023
9.10 0.000027
9.11 0.000026
9.12 0.000024
9.13 0.000031
9.14 0.000023
9.15 0.000027
9.16 0.000021
9.17 0.000021
9.18 0.000030
9.19 0.000021
9.20 0.000022
9.21 0.000023
9.22 0.000031
9.23 0.000017
9.24 0.000033
9.25 0.000027
9.26 0.000022
9.27 0.000031
9.28 0.000034
9.29 0.000026
9.30 0.000030
9.31 0.000021
9.32 0.000031
9.33 0.000024
9.34 0.000018
9.35 0.000029
9.36 0.000033
9.37 0.000027
9.38 0.000029
9.39 0.000029
9.40 0.000029
9.41 0.000017
9.42 0.000025
9.43 0.000021
9.44 0.000016
9.45 0.000025
9.46 0.000023
9.47 0.000028
9.48 0.000034
9.49 0.000023
9.50 0.000021
9.51 0.000023
9.52 0.000023
9.53 0.000023
9.54 0.000033
9.55 0.000025
9.56 0.000022
9.57 0.000025
9.58 0.000018
9.59 0.000022
9.60 0.000031
9.61 0.000030
9.62 0.000031
9.63 0.000026
9.64 0.000027
9.65 0.000015
9.66 0.000024
9.67 0.000025
9.68 0.000031
9.69 0.000028
9.70 0.000031
9.71 0.000029
9.72 0.000027
9.73 0.000037
9.74 0.000025
9.75 0.000028
9.76 0.000029
9.77 0.000028
9.78 0.000027
9.79 0.000024
9.80 0.000031
9.81 0.000024
9.82 0.000022
9.83 0.000034
9.84 0.000030
9.85 0.000039
9.86 0.000033
9.87 0.000025
9.88 0.000039
9.89 0.000029
9.90 0.000020
9.91 0.000020
9.92 0.000036
9.93 0.000028
9.94 0.000018
9.95 0.000039
9.96 0.000027
9.97 0.000030
9.98 0.000034
9.99 0.000033
10.00 0.000027
10.01 0.000018
10.02 0.000033
10.03 0.000023
10.04 0.000030
10.05 0.000029
10.06 0.000030
10.07 0.000020
10.08 0.000020
10.09 0.000033
10.10 0.000034
10.11 0.000027
10.12 0.000030
10.13 0.000033
10.14 0.000040
10.15 0.000017
10.16 0.000028
10.17 0.000024
10.18 0.000029
10.19 0.000022
10.20 0.000030
10.21 0.000024
10.22 0.000031
10.23 0.000021
10.24 0.000025
10.25 0.000023
10.26 0.000029
10.27 0.000025
10.28 0.000031
10.29 0.000031
10.30 0.000026
10.31 0.000018
10.32 0.000034
10.33 0.000034
10.34 0.000026
10.35 0.000022
10.36 0.000039
10.37 0.000040
10.38 0.000024
10.39 0.000028
10.40 0.000027
10.41 0.000026
10.42 0.000023
10.43 0.000022
10.44 0.000028
10.45 0.000035
10.46 0.000029
10.47 0.000026
10.48 0.000029
10.49 0.000024
10.50 0.000031
10.51 0.000029
10.52 0.000024
10.53 0.000023
10.54 0.000028
10.55 0.000031
10.56 0.000029
10.57 0.000021
10.58 0.000025
10.59 0.000033
10.60 0.000023
10.61 0.000017
10.62 0.000030
10.63 0.000026
10.64 0.000029
10.65 0.000029
10.66 0.000029
10.67 0.000033
10.68 0.000026
10.69 0.000023
10.70 0.000033
10.71 0.000022
10.72 0.000035
10.73 0.000024
10.74 0.000036
10.75 0.000030
10.76 0.000028
10.77 0.000041
10.78 0.000037
10.79 0.000046
10.80 0.000030
10.81 0.000034
10.82 0.000022
10.83 0.000025
10.84 0.000031
10.85 0.000039
10.86 0.000030
10.87 0.000029
10.88 0.000029
10.89 0.000029
10.90 0.000023
10.91 0.000034
10.92 0.000021
10.93 0.000029
10.94 0.000027
10.95 0.000034
10.96 0.000026
10.97 0.000034
10.98 0.000033
10.99 0.000031
11.00 0.000034
11.01 0.000037
11.02 0.000039
11.03 0.000027
11.04 0.000037
11.05 0.000031
11.06 0.000038
11.07 0.000037
11.08 0.000027
11.09 0.000027
11.10 0.000034
11.11 0.000031
11.12 0.000034
11.13 0.000031
11.14 0.000028
11.15 0.000015
11.16 0.000028
11.17 0.000037
11.18 0.000018
11.19 0.000028
11.20 0.000034
11.21 0.000035
11.22 0.000024
11.23 0.000026
11.24 0.000041
11.25 0.000036
11.26 0.000031
11.27 0.000026
11.28 0.000028
11.29 0.000035
11.30 0.000035
11.31 0.000024
11.32 0.000029
11.33 0.000034
11.34 0.000039
11.35 0.000037
11.36 0.000016
11.37 0.000031
11.38 0.000031
11.39 0.000036
11.40 0.000034
11.41 0.000026
11.42 0.000030
11.43 0.000037
11.44 0.000031
11.45 0.000037
11.46 0.000036
11.47 0.000018
11.48 0.000029
11.49 0.000024
11.50 0.000037
11.51 0.000030
11.52 0.000031
11.53 0.000028
11.54 0.000035
11.55 0.000024
11.56 0.000034
11.57 0.000030
11.58 0.000030
11.59 0.000034
11.60 0.000023
11.61 0.000039
11.62 0.000039
11.63 0.000035
11.64 0.000037
11.65 0.000036
11.66 0.000031
11.67 0.000020
11.68 0.000035
11.69 0.000033
11.70 0.000023
11.71 0.000031
11.72 0.000033
11.73 0.000026
11.74 0.000030
11.75 0.000042
11.76 0.000034
11.77 0.000038
11.78 0.000027
11.79 0.000035
11.80 0.000039
11.81 0.000029
11.82 0.000031
11.83 0.000031
11.84 0.000038
11.85 0.000024
11.86 0.000039
11.87 0.000038
11.88 0.000028
11.89 0.000037
11.90 0.000031
11.91 0.000039
11.92 0.000036
11.93 0.000030
11.94 0.000024
11.95 0.000031
11.96 0.000031
11.97 0.000034
11.98 0.000040
11.99 0.000022
12.00 0.000044
12.01 0.000027
12.02 0.000039
12.03 0.000036
12.04 0.000027
12.05 0.000030
12.06 0.000037
12.07 0.000022
12.08 0.000041
12.09 0.000039
12.10 0.000028
12.11 0.000030
12.12 0.000034
12.13 0.000027
12.14 0.000017
12.15 0.000033
12.16 0.000027
12.17 0.000029
12.18 0.000033
12.19 0.000031
12.20 0.000033
12.21 0.000029
12.22 0.000033
12.23 0.000035
12.24 0.000033
12.25 0.000029
12.26 0.000038
12.27 0.000036
12.28 0.000049
12.29 0.000031
12.30 0.000034
12.31 0.000036
12.32 0.000053
12.33 0.000048
12.34 0.000030
12.35 0.000033
12.36 0.000035
12.37 0.000039
12.38 0.000030
12.39 0.000037
12.40 0.000028
12.41 0.000026
12.42 0.000034
12.43 0.000028
12.44 0.000034
12.45 0.000041
12.46 0.000037
12.47 0.000035
12.48 0.000038
12.49 0.000033
12.50 0.000035
12.51 0.000034
12.52 0.000033
12.53 0.000024
12.54 0.000035
12.55 0.000029
12.56 0.000033
12.57 0.000034
12.58 0.000038
12.59 0.000033
12.60 0.000039
12.61 0.000031
12.62 0.000036
12.63 0.000027
12.64 0.000037
12.65 0.000028
12.66 0.000035
12.67 0.000043
12.68 0.000035
12.69 0.000035
12.70 0.000031
12.71 0.000030
12.72 0.000048
12.73 0.000034
12.74 0.000030
12.75 0.000027
12.76 0.000035
12.77 0.000027
12.78 0.000038
12.79 0.000036
12.80 0.000030
12.81 0.000034
12.82 0.000035
12.83 0.000034
12.84 0.000029
12.85 0.000035
12.86 0.000027
12.87 0.000029
12.88 0.000029
12.89 0.000023
12.90 0.000028
12.91 0.000023
12.92 0.000038
12.93 0.000025
12.94 0.000035
12.95 0.000037
12.96 0.000031
12.97 0.000038
12.98 0.000033
12.99 0.000035
13.00 0.000026
13.01 0.000028
13.02 0.000036
13.03 0.000035
13.04 0.000034
13.05 0.000034
13.06 0.000025
13.07 0.000024
13.08 0.000042
13.09 0.000041
13.10 0.000027
13.11 0.000035
13.12 0.000033
13.13 0.000029
13.14 0.000036
13.15 0.000049
13.16 0.000039
13.17 0.000026
13.18 0.000037
13.19 0.000027
13.20 0.000037
13.21 0.000031
13.22 0.000022
13.23 0.000025
13.24 0.000036
13.25 0.000033
13.26 0.000031
13.27 0.000030
13.28 0.000031
13.29 0.000028
13.30 0.000028
13.31 0.000036
13.32 0.000038
13.33 0.000029
13.34 0.000033
13.35 0.000038
13.36 0.000026
13.37 0.000039
13.38 0.000027
13.39 0.000030
13.40 0.000039
13.41 0.000028
13.42 0.000033
13.43 0.000026
13.44 0.000030
13.45 0.000041
13.46 0.000035
13.47 0.000041
13.48 0.000033
13.49 0.000041
13.50 0.000026
13.51 0.000039
13.52 0.000044
13.53 0.000044
13.54 0.000059
13.55 0.000051
13.56 0.000060
13.57 0.000056
13.58 0.000055
13.59 0.000058
13.60 0.000053
13.61 0.000054
13.62 0.000064
13.63 0.000062
13.64 0.000062
13.65 0.000082
13.66 0.000076
13.67 0.000087
13.68 0.00011
13.69 0.00012
13.70 0.00014
13.71 0.00016
13.72 0.00016
13.73 0.00017
13.74 0.00017
13.75 0.00019
13.76 0.00019
13.77 0.00021
13.78 0.00023
13.79 0.00022
13.80 0.00027
13.81 0.00031
13.82 0.00034
13.83 0.00036
13.84 0.00037
13.85 0.00043
13.86 0.00044
13.87 0.00049
13.88 0.00056
13.89 0.00052
13.90 0.00060
13.91 0.00061
13.92 0.00063
13.93 0.00070
13.94 0.00074
13.95 0.00078
13.96 0.00082
13.97 0.00091
13.98 0.00095
13.99 0.00099
14.00 0.0011
14.01 0.0011
14.02 0.0012
14.03 0.0013
14.04 0.0013
14.05 0.0014
14.06 0.0014
14.07 0.0016
14.08 0.0015
14.09 0.0017
14.10 0.0018
14.11 0.0019
14.12 0.0019
14.13 0.0020
14.14 0.0021
14.15 0.0021
14.16 0.0023
14.17 0.0023
14.18 0.0024
14.19 0.0025
14.20 0.0026
14.21 0.0027
14.22 0.0028
14.23 0.0029
14.24 0.0030
14.25 0.0032
14.26 0.0031
14.27 0.0033
14.28 0.0034
14.29 0.0035
14.30 0.0035
14.31 0.0036
14.32 0.0036
14.33 0.0039
14.34 0.0041
14.35 0.0041
14.36 0.0043
14.37 0.0042
14.38 0.0043
14.39 0.0043
14.40 0.0046
14.41 0.0046
14.42 0.0050
14.43 0.0049
14.44 0.0050
14.45 0.0050
14.46 0.0051
14.47 0.0052
14.48 0.0054
14.49 0.0054
14.50 0.0055
14.51 0.0056
14.52 0.0058
14.53 0.0058
14.54 0.0058
14.55 0.0061
14.56 0.0061
14.57 0.0061
14.58 0.0062
14.59 0.0063
14.60 0.0065
14.61 0.0065
14.62 0.0065
14.63 0.0067
14.64 0.0066
14.65 0.0069
14.66 0.0068
14.67 0.0070
14.68 0.0070
14.69 0.0071
14.70 0.0072
14.71 0.0070
14.72 0.0071
14.73 0.0073
14.74 0.0074
14.75 0.0072
14.76 0.0073
14.77 0.0074
14.78 0.0073
14.79 0.0075
14.80 0.0076
14.81 0.0076
14.82 0.0077
14.83 0.0075
14.84 0.0075
14.85 0.0076
14.86 0.0078
14.87 0.0077
14.88 0.0079
14.89 0.0078
14.90 0.0076
14.91 0.0077
14.92 0.0076
14.93 0.0079
14.94 0.0076
14.95 0.0077
14.96 0.0076
14.97 0.0075
14.98 0.0075
14.99 0.0075
15.00 0.0074
15.01 0.0074
15.02 0.0075
15.03 0.0074
15.04 0.0075
15.05 0.0074
15.06 0.0072
15.07 0.0073
15.08 0.0073
15.09 0.0071
15.10 0.0072
15.11 0.0070
15.12 0.0070
15.13 0.0070
15.14 0.0067
15.15 0.0068
15.16 0.0068
15.17 0.0066
15.18 0.0068
15.19 0.0066
15.20 0.0064
15.21 0.0064
15.22 0.0063
15.23 0.0063
15.24 0.0062
15.25 0.0061
15.26 0.0062
15.27 0.0060
15.28 0.0058
15.29 0.0058
15.30 0.0057
15.31 0.0055
15.32 0.0056
15.33 0.0054
15.34 0.0053
15.35 0.0052
15.36 0.0052
15.37 0.0051
15.38 0.0049
15.39 0.0047
15.40 0.0049
15.41 0.0046
15.42 0.0046
15.43 0.0045
15.44 0.0044
15.45 0.0043
15.46 0.0042
15.47 0.0042
15.48 0.0041
15.49 0.0040
15.50 0.0039
15.51 0.0038
15.52 0.0037
15.53 0.0036
15.54 0.0035
15.55 0.0034
15.56 0.0034
15.57 0.0032
15.58 0.0033
15.59 0.0031
15.60 0.0030
15.61 0.0029
15.62 0.0029
15.63 0.0027
15.64 0.0025
15.65 0.0026
15.66 0.0024
15.67 0.0025
15.68 0.0024
15.69 0.0023
15.70 0.0022
15.71 0.0023
15.72 0.0021
15.73 0.0020
15.74 0.0020
15.75 0.0019
15.76 0.0018
15.77 0.0018
15.78 0.0017
15.79 0.0016
15.80 0.0016
15.81 0.0015
15.82 0.0015
15.83 0.0016
15.84 0.0014
15.85 0.0013
15.86 0.0012
15.87 0.0012
15.88 0.0012
15.89 0.0012
15.90 0.0011
15.91 0.0011
15.92 0.0011
15.93 0.00096
15.94 0.00099
15.95 0.00098
15.96 0.00089
15.97 0.00082
15.98 0.00086
15.99 0.00080
16.00 0.00071
16.01 0.00065
16.02 0.00071
16.03 0.00063
16.04 0.00062
16.05 0.00059
16.06 0.00064
16.07 0.00051
16.08 0.00051
16.09 0.00054
16.10 0.00045
16.11 0.00047
16.12 0.00041
16.13 0.00041
16.14 0.00037
16.15 0.00037
16.16 0.00036
16.17 0.00032
16.18 0.00035
16.19 0.00030
16.20 0.00027
16.21 0.00030
16.22 0.00029
16.23 0.00028
16.24 0.00027
16.25 0.00021
16.26 0.00021
16.27 0.00021
16.28 0.00021
16.29 0.00016
16.30 0.00017
16.31 0.00018
16.32 0.00014
16.33 0.00015
16.34 0.00015
16.35 0.00015
16.36 0.00013
16.37 0.00012
16.38 0.00012
16.39 0.00010
16.40 0.000073
16.41 0.000096
16.42 0.000078
16.43 0.000084
16.44 0.000069
16.45 0.000081
16.46 0.000069
16.47 0.000082
16.48 0.000056
16.49 0.000063
16.50 0.000052
16.51 0.000048
16.52 0.000047
16.53 0.000060
16.54 0.000029
16.55 0.000052
16.56 0.000038
16.57 0.000039
16.58 0.000026
16.59 0.000053
16.60 0.000016
16.61 0.000028
16.62 0.000026
16.63 0.000031
16.64 0.000030
16.65 0.000029
16.66 0.000027
16.67 0.000027
16.68 0.000016
16.69 0.000024
16.70 0.000022
16.71 0.000021
16.72 0.000024
16.73 0.000013
16.74 0.000024
16.75 0.000012
16.76 0.000015
16.77 0.000013
16.78 0.000014
16.79 0.000021
16.80 0.000020
16.81 0.000014
16.82 0.000018
16.83 0.000013
16.84 0.000013
16.85 0.000012
16.86 0.0000098
16.87 0.0000098
16.88 0.0000087
16.89 0.0000043
16.90 0.0000065
16.91 0.0000054
16.92 0.0000076
16.93 0.0000076
16.94 0.0000076
16.95 0.0000087
16.96 0.0000087
16.97 0.0000098
16.98 0.0000054
16.99 0.0000043
17.00 0.000013
17.01 0.0000087
17.02 0.0000087
17.03 0.0000043
17.04 0.0000054
17.05 0.0000076
17.06 0.0000065
17.07 0.0000043
17.08 0.0000076
17.09 0.0000022
17.10 0.0000087
17.11 0.0000065
17.12 0.0000033
17.13 0.0000098
17.14 0.000012
17.15 0.0000054
17.16 0.0000054
17.17 0.0000065
17.18 0.0000033
17.19 0.0000033
17.20 0.0000054
17.21 0.000013
17.22 0.0000033
17.23 0.0000054
17.24 0.0000022
17.25 0.000011
17.26 0.0000076
17.27 0.0000065
17.28 0.0000033
17.29 0.0000022
17.30 0.0000054
17.31 0.0000087
17.32 0.0000043
17.33 0.0000043
17.34 0.0000011
17.35 0.0000011
17.36 0.0000011
17.37 0.0000022
17.38 0.0000098
17.39 0.0000033
17.40 0.0000054
17.41 0.0000033
17.42 0.0000011
17.43 0.0000033
17.44 0.0000043
17.45 0.0000054
17.46 0.0000033
17.47 0.0000043
17.48 0.0000022
17.49 0.0000054
17.50 0.0000043
17.51 0.0000043
17.52 0.0000065
17.53 0.0000022
17.54 0.0000022
17.55 0.0000033
17.56 0.0000054
17.57 0.0000043
17.58 0.0000033
17.59 0.0000043
17.60 0.0000022
17.61 0.0
17.62 0.0000033
17.63 0.0000033
17.64 0.0000033
17.65 0.0000054
17.66 0.0000033
17.67 0.0000054
17.68 0.0000022
17.69 0.0000022
17.70 0.0000011
17.71 0.0000033
17.72 0.0000033
17.73 0.0000054
17.74 0.0000033
17.75 0.0000022
17.76 0.0000011
17.77 0.0000043
17.78 0.0000054
17.79 0.0000011
17.80 0.0000043
17.81 0.0000033
17.82 0.0000011
17.83 0.0000054
17.84 0.0000033
17.85 0.0000033
17.86 0.0000022
17.87 0.0000011
17.88 0.0000011
17.89 0.0000011
17.90 0.0000043
17.91 0.0000011
17.92 0.0000033
17.93 0.0
17.94 0.0000011
17.95 0.0000022
17.96 0.0000033
17.97 0.0000011
17.98 0.0000033
17.99 0.0000011
18.00 0.0000011
18.01 0.0000011
18.02 0.0000033
18.03 0.0000011
18.04 0.0000033
18.05 0.0000022
18.06 0.0000033
18.07 0.0000022
18.08 0.0000022
18.09 0.0000011
18.10 0.0000011
18.11 0.0000022
18.12 0.0000033
18.13 0.0000022
18.14 0.0000011
18.15 0.0000022
18.16 0.0000022
18.17 0.0000022
18.18 0.0000022
18.19 0.0000011
18.20 0.0000011
18.21 0.0000011
18.22 0.0000011
18.23 0.0000011
18.24 0.0000011
18.25 0.0000033
18.26 0.0000011
18.27 0.0000011
18.28 0.0000033
18.29 0.0
18.30 0.0000011
18.31 0.0000011
18.32 0.0000043
18.33 0.0000033
18.34 0.0000011
18.35 0.0000011
18.36 0.0
18.37 0.0
18.38 0.0
18.39 0.0000022
18.40 0.0000022
18.41 0.0000011
18.42 0.0
18.43 0.0000011
18.44 0.0000011
18.45 0.0000033
18.46 0.0
18.47 0.0000011
18.48 0.0000033
18.49 0.0000022
18.50 0.0000011
18.51 0.0000011
18.52 0.0000011
18.53 0.0
18.54 0.0000033
18.55 0.0
18.56 0.0000033
18.57 0.0000022
18.58 0.0000022
18.59 0.0000022
18.60 0.0000043
18.61 0.0000011
18.62 0.0000022
18.63 0.0
18.64 0.0000022
18.65 0.0
18.66 0.0
18.67 0.0
18.68 0.0000022
18.69 0.0000033
18.70 0.0
18.71 0.0000011
18.72 0.0
18.73 0.0
18.74 0.0
18.75 0.0
18.76 0.0
18.77 0.0
18.78 0.0000022
18.79 0.0
18.80 0.0000011
18.81 0.0000022
18.82 0.0000011
18.83 0.0000011
18.84 0.0000011
18.85 0.0
18.86 0.0000022
18.87 0.0000011
18.88 0.0
18.89 0.0000011
18.90 0.0
18.91 0.0
18.92 0.0000011
18.93 0.0000011
18.94 0.0000011
18.95 0.0
18.96 0.0
18.97 0.0000011
18.98 0.0000022
18.99 0.0
19.00 0.0000011
19.01 0.0
19.02 0.0
19.03 0.0
19.04 0.0000011
19.05 0.0
19.06 0.0
19.07 0.0000011
19.08 0.0
19.09 0.0
19.10 0.0
19.11 0.0000011
19.12 0.0
19.13 0.0
19.14 0.0
19.15 0.0
19.16 0.0
19.17 0.0
19.18 0.0000011
19.19 0.0000011
19.20 0.0
19.21 0.0
19.22 0.0
19.23 0.0
19.24 0.0000011
19.25 0.0000011
19.26 0.0
19.27 0.0
19.28 0.0
19.29 0.0
19.30 0.0
19.31 0.0
19.32 0.0
19.33 0.0
19.34 0.0000011
19.35 0.0000011
19.36 0.0
19.37 0.0
19.38 0.0
19.39 0.0000022
19.40 0.0
19.41 0.0000011
19.42 0.0
19.43 0.0000011
19.44 0.0
19.45 0.0
19.46 0.0
19.47 0.0
19.48 0.0
19.49 0.0
19.50 0.0000011
19.51 0.0
19.52 0.0
19.53 0.0
19.54 0.0
19.55 0.0
19.56 0.0
19.57 0.0
19.58 0.0
19.59 0.0
19.60 0.0
19.61 0.0
19.62 0.0
19.63 0.0
19.64 0.0
19.65 0.0
19.66 0.0
19.67 0.0
19.68 0.0
19.69 0.0
19.70 0.0
19.71 0.0
19.72 0.0
19.73 0.0
19.74 0.0
19.75 0.0
19.76 0.0
19.77 0.0
19.78 0.0
19.79 0.0
19.80 0.0
19.81 0.0
19.82 0.0
19.83 0.0
19.84 0.0
19.85 0.0
19.86 0.0
19.87 0.0
19.88 0.0
19.89 0.0
19.90 0.0
19.91 0.0
19.92 0.0
19.93 0.0
19.94 0.0
19.95 0.0
19.96 0.0
19.97 0.0
19.98 0.0
19.99 0.0
20 0.0