3 0
0.0 0.011
0.1 0.0071
0.2 0.0093
0.3 0.0049
0.4 0.0044
0.5 0.0056
0.6 0.0033
0.7 0.0044
0.8 0.0061
0.9 0.0055
1.0 0.0059
1.1 0.0052
1.2 0.0047
1.3 0.0046
1.4 0.0042
1.5 0.0045
1.6 0.0090
1.7 0.0077
1.8 0.0085
1.9 0.0098
2.0 0.011
2.1 0.0099
2.2 0.010
2.3 0.032
2.4 0.014
2.5 0.016
2.6 0.014
2.7 0.018
2.8 0.014
2.9 0.013
3.0 0.014
3.1 0.012
3.2 0.012
3.3 0.013
3.4 0.013
3.5 0.013
3.6 0.014
3.7 0.013
3.8 0.011
3.9 0.0080
4.0 0.0080
4.1 0.0076
4.2 0.0053
4.3 0.0062
4.4 0.14
4.5 0.0065
4.6 0.0045
4.7 0.0042
4.8 0.0045
4.9 0.0057
5.0 0.0061
5.1 0.0091
5.2 0.016
5.3 0.0059
5.4 0.0044
5.5 0.0049
5.6 0.0062
5.7 0.0058
5.8 0.0039
5.9 0.0043
6.0 0.018
6.1 0.043
6.2 0.0063
6.3 0.0063
6.4 0.0065
6.5 0.0057
6.6 0.0053
6.7 0.0065
6.8 0.0065
6.9 0.027
7.0 0.0054
7.1 0.027
7.2 0.0059
7.3 0.0055
7.4 0.0049
7.5 0.0048
7.6 0.0045
7.7 0.0047
7.8 0.0045
7.9 0.0051
8.0 0.0029
8.1 0.0021
8.2 0.0024
8.3 0.0017
8.4 0.0018
8.5 0.0013
8.6 0.0033
8.7 0.0043
8.8 0.0043
8.9 0.0042
9.0 0.0042
9.1 0.0038
9.2 0.0055
9.3 0.0053
9.4 0.0049
9.5 0.0050
9.6 0.0049
9.7 0.0039
9.8 0.0036
9.9 0.0038
10.0 0.0031
10.1 0.0015
10.2 0.0017
10.3 0.0013
10.4 0.0014
10.5 0.0014
10.6 0.0014
10.7 0.0012
10.8 0.00094
10.9 0.0012
11.0 0.00087
11.1 0.00078
11.2 0.00083
11.3 0.0028
11.4 0.0031
11.5 0.0031
11.6 0.0028
11.7 0.0031
11.8 0.0031
11.9 0.0031
12.0 0.0029
12.1 0.0027
12.2 0.0027
12.3 0.0024
12.4 0.0022
12.5 0.00043
12.6 0.00052
12.7 0.00073
12.8 0.00051
12.9 0.00052
13.0 0.0024
13.1 0.00058
13.2 0.00066
13.3 0.00058
13.4 0.00069
13.5 0.00055
13.6 0.00050
13.7 0.00067
13.8 0.00046
13.9 0.00051
14.0 0.00052
14.1 0.00044
14.2 0.00035
14.3 0.00034
14.4 0.00012
14.5 0.00024
14.6 0.00013
14.7 0.00028
14.8 0.00020
14.9 0.00026
15.0 0.00030
15.1 0.00017
15.2 0.000094
15.3 0.00028
15.4 0.00015
15.5 0.00013
15.6 0.000094
15.7 0.0
15.8 0.000040
15.9 0.000027
16.0 0.000054
16.1 0.000027
16.2 0.00011
16.3 0.00013
16.4 0.000094
16.5 0.000081
16.6 0.000013
16.7 0.000013
16.8 0.000027
16.9 0.000013
17.0 0.0
17.1 0.0
17.2 0.0
17.3 0.0
17.4 0.0
17.5 0.0
17.6 0.0
17.7 0.0
17.8 0.0
17.9 0.0
18.0 0.0
18.1 0.0
18.2 0.0
18.3 0.0
18.4 0.0
18.5 0.0
18.6 0.0
18.7 0.0
18.8 0.0
18.9 0.000013
19.0 0.0
19.1 0.0
19.2 0.0
19.3 0.0
19.4 0.0
19.5 0.0
19.6 0.0
19.7 0.000013
19.8 0.0
19.9 0.0
20 0.0