############################  Energy Spectrum  ############################
3 0
0.0 0.0
0.1 0.0
0.2 0.0
0.3 0.0
0.4 2.6E-7
0.5 0.0
0.6 2.6E-7
0.7 6.5E-7
0.8 3.9E-7
0.9 2.6E-7
1.0 3.9E-7
1.1 3.9E-7
1.2 9.1E-7
1.3 7.8E-7
1.4 0.0000014
1.5 0.0000018
1.6 9.1E-7
1.7 0.0000010
1.8 6.5E-7
1.9 9.1E-7
2.0 7.8E-7
2.1 6.5E-7
2.2 0.0000016
2.3 0.0000017
2.4 0.0000017
2.5 0.0000027
2.6 0.0000027
2.7 0.0000031
2.8 0.0000025
2.9 0.0000023
3.0 0.0000016
3.1 0.0000043
3.2 0.0000022
3.3 0.0000027
3.4 0.0000030
3.5 0.0000029
3.6 0.0000040
3.7 0.0000043
3.8 0.0000030
3.9 0.0000042
4.0 0.0000036
4.1 0.0000030
4.2 0.0000035
4.3 0.0000056
4.4 0.0000058
4.5 0.0000055
4.6 0.0000049
4.7 0.0000039
4.8 0.0000048
4.9 0.0000074
5.0 0.0000068
5.1 0.0000074
5.2 0.0000074
5.3 0.0000082
5.4 0.0000079
5.5 0.0000082
5.6 0.0000079
5.7 0.0000084
5.8 0.0000084
5.9 0.000011
6.0 0.0000083
6.1 0.0000092
6.2 0.000010
6.3 0.0000084
6.4 0.0000083
6.5 0.000011
6.6 0.000011
6.7 0.000013
6.8 0.000011
6.9 0.000012
7.0 0.000013
7.1 0.000013
7.2 0.000013
7.3 0.000013
7.4 0.000014
7.5 0.000013
7.6 0.000012
7.7 0.000014
7.8 0.000015
7.9 0.000014
8.0 0.000015
8.1 0.000016
8.2 0.000015
8.3 0.000018
8.4 0.000015
8.5 0.000018
8.6 0.000016
8.7 0.000016
8.8 0.000018
8.9 0.000019
9.0 0.000017
9.1 0.000020
9.2 0.000019
9.3 0.000022
9.4 0.000023
9.5 0.000023
9.6 0.000022
9.7 0.000022
9.8 0.000021
9.9 0.000019
10.0 0.000021
10.1 0.000022
10.2 0.000021
10.3 0.000026
10.4 0.000023
10.5 0.000020
10.6 0.000022
10.7 0.000023
10.8 0.000027
10.9 0.000022
11.0 0.000021
11.1 0.000026
11.2 0.000023
11.3 0.000025
11.4 0.000023
11.5 0.000023
11.6 0.000023
11.7 0.000024
11.8 0.000026
11.9 0.000026
12.0 0.000025
12.1 0.000027
12.2 0.000028
12.3 0.000028
12.4 0.000026
12.5 0.000022
12.6 0.000025
12.7 0.000029
12.8 0.000026
12.9 0.000025
13.0 0.000030
13.1 0.000026
13.2 0.000029
13.3 0.000030
13.4 0.000028
13.5 0.000029
13.6 0.000033
13.7 0.000031
13.8 0.000025
13.9 0.000030
14.0 0.000027
14.1 0.000028
14.2 0.000030
14.3 0.000031
14.4 0.000026
14.5 0.000030
14.6 0.000031
14.7 0.000026
14.8 0.000030
14.9 0.000029
15.0 0.000026
15.1 0.000031
15.2 0.000031
15.3 0.000033
15.4 0.000030
15.5 0.000030
15.6 0.000027
15.7 0.000033
15.8 0.000029
15.9 0.000031
16.0 0.000031
16.1 0.000025
16.2 0.000032
16.3 0.000029
16.4 0.000033
16.5 0.000033
16.6 0.000029
16.7 0.000026
16.8 0.000029
16.9 0.000035
17.0 0.000034
17.1 0.000031
17.2 0.000035
17.3 0.000033
17.4 0.000034
17.5 0.000032
17.6 0.000032
17.7 0.000033
17.8 0.000039
17.9 0.000036
18.0 0.000042
18.1 0.000045
18.2 0.000058
18.3 0.000065
18.4 0.000091
18.5 0.00012
18.6 0.00015
18.7 0.00020
18.8 0.00025
18.9 0.00030
19.0 0.00035
19.1 0.00037
19.2 0.00039
19.3 0.00038
19.4 0.00036
19.5 0.00031
19.6 0.00028
19.7 0.00022
19.8 0.00019
19.9 0.00015
20.0 0.00012
20.1 0.000089
20.2 0.000087
20.3 0.000069
20.4 0.000059
20.5 0.000053
20.6 0.000056
20.7 0.000056
20.8 0.000059
20.9 0.000063
21.0 0.000064
21.1 0.000061
21.2 0.000073
21.3 0.000068
21.4 0.000069
21.5 0.000070
21.6 0.000078
21.7 0.000073
21.8 0.000079
21.9 0.000079
22.0 0.000087
22.1 0.000092
22.2 0.000090
22.3 0.00010
22.4 0.000098
22.5 0.00011
22.6 0.00010
22.7 0.00011
22.8 0.00012
22.9 0.00012
23.0 0.00013
23.1 0.00013
23.2 0.00014
23.3 0.00014
23.4 0.00015
23.5 0.00016
23.6 0.00017
23.7 0.00016
23.8 0.00018
23.9 0.00018
24.0 0.00019
24.1 0.00020
24.2 0.00020
24.3 0.00022
24.4 0.00022
24.5 0.00023
24.6 0.00024
24.7 0.00025
24.8 0.00026
24.9 0.00026
25.0 0.00026
25.1 0.00030
25.2 0.00031
25.3 0.00035
25.4 0.00042
25.5 0.00054
25.6 0.00075
25.7 0.0011
25.8 0.0017
25.9 0.0026
26.0 0.0040
26.1 0.0058
26.2 0.0084
26.3 0.012
26.4 0.016
26.5 0.020
26.6 0.025
26.7 0.030
26.8 0.035
26.9 0.039
27.0 0.043
27.1 0.047
27.2 0.050
27.3 0.052
27.4 0.053
27.5 0.052
27.6 0.049
27.7 0.046
27.8 0.041
27.9 0.035
28.0 0.029
28.1 0.023
28.2 0.018
28.3 0.013
28.4 0.0094
28.5 0.0065
28.6 0.0042
28.7 0.0027
28.8 0.0018
28.9 0.0011
29.0 0.00080
29.1 0.00059
29.2 0.00050
29.3 0.00044
29.4 0.00041
29.5 0.00041
29.6 0.00039
29.7 0.00039
29.8 0.00036
29.9 0.00038
30.0 0.00038
30.1 0.00037
30.2 0.00036
30.3 0.00036
30.4 0.00035
30.5 0.00037
30.6 0.00035
30.7 0.00034
30.8 0.00035
30.9 0.00034
31.0 0.00032
31.1 0.00032
31.2 0.00032
31.3 0.00031
31.4 0.00030
31.5 0.00029
31.6 0.00029
31.7 0.00028
31.8 0.00029
31.9 0.00028
32.0 0.00027
32.1 0.00026
32.2 0.00025
32.3 0.00023
32.4 0.00024
32.5 0.00023
32.6 0.00022
32.7 0.00022
32.8 0.00021
32.9 0.00020
33.0 0.00020
33.1 0.00019
33.2 0.00017
33.3 0.00018
33.4 0.00016
33.5 0.00015
33.6 0.00016
33.7 0.00016
33.8 0.00017
33.9 0.00020
34.0 0.00028
34.1 0.00028
34.2 0.00028
34.3 0.00028
34.4 0.00028
34.5 0.00028
34.6 0.00028
34.7 0.00028
34.8 0.00028
34.9 0.00028
35.0 0.00028
35.1 0.00028
35.2 0.00028
35.3 0.00028
35.4 0.00028
35.5 0.00028
35.6 0.00028
35.7 0.00028
35.8 0.00028
35.9 0.00028
36.0 0.00028
36.1 0.00028
36.2 0.00028
36.3 0.00028
36.4 0.00028
36.5 0.00044
36.6 0.00027
36.7 0.00017
36.8 0.000090
36.9 0.000060
37.0 0.000031
37.1 0.000020
37.2 0.000012
37.3 0.0000086
37.4 0.0000080
37.5 0.0000062
37.6 0.0000038
37.7 0.0000042
37.8 0.0000043
37.9 0.0000023
38.0 0.0000025
38.1 0.0000021
38.2 0.0000021
38.3 0.0000029
38.4 0.0000017
38.5 0.0000016
38.6 0.0000016
38.7 0.0000012
38.8 5.2E-7
38.9 7.8E-7
39.0 5.2E-7
39.1 5.2E-7
39.2 0.0000010
39.3 2.6E-7
39.4 1.3E-7
39.5 5.2E-7
39.6 6.5E-7
39.7 2.6E-7
39.8 3.9E-7
39.9 1.3E-7
40.0 1.3E-7
40.1 6.5E-7
40.2 3.9E-7
40.3 1.3E-7
40.4 1.3E-7
40.5 0.0
40.6 0.0
40.7 0.0
40.8 1.3E-7
40.9 0.0
41.0 1.3E-7
41.1 0.0
41.2 0.0
41.3 0.0
41.4 0.0
41.5 0.0
41.6 0.0
41.7 0.0
41.8 0.0
41.9 0.0
42.0 0.0
42.1 0.0
42.2 0.0
42.3 1.3E-7
42.4 0.0
42.5 0.0
42.6 0.0
42.7 0.0
42.8 0.0
42.9 0.0
43.0 0.0
43.1 0.0
43.2 0.0
43.3 0.0
43.4 0.0
43.5 0.0
43.6 0.0
43.7 0.0
43.8 0.0
43.9 0.0
44.0 0.0
44.1 0.0
44.2 0.0
44.3 0.0
44.4 0.0
44.5 0.0
44.6 0.0
44.7 0.0
44.8 0.0
44.9 0.0
45.0 0.0
45.1 0.0
45.2 0.0
45.3 0.0
45.4 0.0
45.5 0.0
45.6 0.0
45.7 0.0
45.8 0.0
45.9 0.0
46.0 0.0
46.1 0.0
46.2 0.0
46.3 0.0
46.4 0.0
46.5 0.0
46.6 0.0
46.7 0.0
46.8 0.0
46.9 0.0
47.0 0.0
47.1 0.0
47.2 0.0
47.3 0.0
47.4 0.0
47.5 0.0
47.6 0.0
47.7 0.0
47.8 0.0
47.9 0.0
48.0 0.0
48.1 0.0
48.2 0.0
48.3 1.3E-7
48.4 0.0
48.5 0.0
48.6 0.0
48.7 0.0
48.8 0.0
48.9 0.0
49.0 0.0
49.1 0.0
49.2 0.0
49.3 0.0
49.4 0.0
49.5 0.0
49.6 0.0
49.7 0.0
49.8 0.0
49.9 0.0
50.0 1.3E-7
50.1 0.0
50.2 0.0
50.3 0.0
50.4 0.0
50.5 0.0
50.6 0.0
50.7 0.0
50.8 0.0
50.9 0.0
51.0 0.0
51.1 0.0
51.2 0.0
51.3 0.0
51.4 0.0
51.5 0.0
51.6 0.0
51.7 0.0
51.8 0.0
51.9 0.0
52.0 0.0
52.1 0.0
52.2 0.0
52.3 0.0
52.4 0.0
52.5 0.0
52.6 0.0
52.7 0.0
52.8 0.0
52.9 0.0
53.0 0.0
53.1 0.0
53.2 0.0
53.3 0.0
53.4 0.0
53.5 0.0
53.6 0.0
53.7 0.0
53.8 0.0
53.9 0.0
54.0 0.0
54.1 0.0
54.2 0.0
54.3 0.0
54.4 0.0
54.5 0.0
54.6 0.0
54.7 0.0
54.8 0.0
54.9 1.3E-7
55.0 0.0
55.1 0.0
55.2 0.0
55.3 0.0
55.4 0.0
55.5 0.0
55.6 0.0
55.7 0.0
55.8 0.0
55.9 0.0
56.0 0.0
56.1 0.0
56.2 0.0
56.3 0.0
56.4 0.0
56.5 0.0
56.6 0.0
56.7 0.0
56.8 0.0
56.9 0.0
57.0 0.0
57.1 0.0
57.2 0.0
57.3 0.0
57.4 0.0
57.5 0.0
57.6 0.0
57.7 0.0
57.8 0.0
57.9 0.0
58.0 0.0
58.1 0.0
58.2 0.0
58.3 0.0
58.4 0.0
58.5 0.0
58.6 0.0
58.7 0.0
58.8 0.0
58.9 0.0
59.0 0.0
59.1 0.0
59.2 0.0
59.3 0.0
59.4 0.0
59.5 0.0
59.6 0.0
59.7 0.0
59.8 0.0
59.9 0.0
60 0.0
#######################################################################
